22
19
0 9389 2096 5281 2531 2123 9362 8641 9301 5382 3030 4612 5034 9439 7745 6483 3124 8762 9173 4182 4162 3970
9389 0 9577 5912 8058 9604 1423 2748 1588 4381 10511 12093 12515 1876 2960 3580 7005 1755 586 11663 5783 7083
2096 9577 0 5469 2719 1575 9550 8829 9489 5570 2482 4064 4486 9627 7933 6671 3312 8950 9361 3634 4350 4158
5281 5912 5469 0 3950 5496 5885 5164 5824 1905 6403 7985 8407 5962 4268 3006 2897 5285 5696 7555 1675 2975
2531 8058 2719 3950 0 2746 8031 7310 7970 4051 3653 5235 5657 8108 6414 5152 1793 7431 7842 4805 2831 2639
2123 9604 1575 5496 2746 0 9577 8856 9516 5597 1937 3519 3941 9654 7960 6698 3339 8977 9388 3089 4377 4185
9362 1423 9550 5885 8031 9577 0 2721 1561 4354 10484 12066 12488 1849 2933 3553 6978 1728 1207 11636 5756 7056
8641 2748 8829 5164 7310 8856 2721 0 2660 3633 9763 11345 11767 2798 2212 2832 6257 2121 2532 10915 5035 6335
9301 1588 9489 5824 7970 9516 1561 2660 0 4293 10423 12005 12427 1788 2872 3492 6917 1667 1372 11575 5695 6995
5382 4381 5570 1905 4051 5597 4354 3633 4293 0 6504 8086 8508 4431 2737 1475 2998 3754 4165 7656 1776 3076
3030 10511 2482 6403 3653 1937 10484 9763 10423 6504 0 2626 3048 10561 8867 7605 4246 9884 10295 2196 5284 5092
4612 12093 4064 7985 5235 3519 12066 11345 12005 8086 2626 0 1118 12143 10449 9187 5828 11466 11877 1828 6866 6674
5034 12515 4486 8407 5657 3941 12488 11767 12427 8508 3048 1118 0 12565 10871 9609 6250 11888 12299 2250 7288 7096
9439 1876 9627 5962 8108 9654 1849 2798 1788 4431 10561 12143 12565 0 3010 3630 7055 1805 1660 11713 5833 7133
7745 2960 7933 4268 6414 7960 2933 2212 2872 2737 8867 10449 10871 3010 0 1936 5361 2333 2744 10019 4139 5439
6483 3580 6671 3006 5152 6698 3553 2832 3492 1475 7605 9187 9609 3630 1936 0 4099 2953 3364 8757 2877 4177
3124 7005 3312 2897 1793 3339 6978 6257 6917 2998 4246 5828 6250 7055 5361 4099 0 6378 6789 5398 1778 1586
8762 1755 8950 5285 7431 8977 1728 2121 1667 3754 9884 11466 11888 1805 2333 2953 6378 0 1539 11036 5156 6456
9173 586 9361 5696 7842 9388 1207 2532 1372 4165 10295 11877 12299 1660 2744 3364 6789 1539 0 11447 5567 6867
4182 11663 3634 7555 4805 3089 11636 10915 11575 7656 2196 1828 2250 11713 10019 8757 5398 11036 11447 0 6436 6244
4162 5783 4350 1675 2831 4377 5756 5035 5695 1776 5284 6866 7288 5833 4139 2877 1778 5156 5567 6436 0 1856
3970 7083 4158 2975 2639 4185 7056 6335 6995 3076 5092 6674 7096 7133 5439 4177 1586 6456 6867 6244 1856 0
