20
0.00 1.03 1.48 0.48 1.09 0.65 1.45 1.05 1.35 0.88 1.20 1.14 0.72 0.97 0.92 1.25 0.71 0.77 0.83 1.63
1.03 0.00 1.08 1.05 0.93 0.76 1.35 1.68 0.32 1.05 1.07 1.35 0.34 1.04 1.09 1.26 0.45 1.23 0.85 0.60
1.48 1.08 0.00 1.39 0.49 1.23 0.49 0.69 1.17 0.84 1.01 0.58 1.39 0.81 1.22 1.09 1.55 1.54 0.68 0.92
0.48 1.05 1.39 0.00 0.98 0.60 1.10 0.91 1.33 0.55 1.04 1.05 0.74 0.92 1.18 1.31 0.82 0.91 1.00 1.06
1.09 0.93 0.49 0.98 0.00 1.51 0.87 0.70 1.17 0.76 1.23 1.12 0.80 1.04 0.88 1.56 1.57 1.23 0.73 0.64
0.65 0.76 1.23 0.60 1.51 0.00 0.91 1.06 0.87 1.12 0.86 1.08 0.59 0.82 0.94 0.61 0.59 1.27 0.99 1.17
1.45 1.35 0.49 1.10 0.87 0.91 0.00 0.57 0.97 0.98 0.79 1.14 1.18 0.37 0.88 0.93 1.77 1.18 1.15 0.85
1.05 1.68 0.69 0.91 0.70 1.06 0.57 0.00 1.50 0.81 1.33 0.67 1.18 0.95 0.86 0.77 1.59 1.45 0.65 1.03
1.35 0.32 1.17 1.33 1.17 0.87 0.97 1.50 0.00 1.48 0.74 1.56 0.53 0.98 0.70 1.02 0.72 1.02 1.23 0.39
0.88 1.05 0.84 0.55 0.76 1.12 0.98 0.81 1.48 0.00 1.69 0.63 1.15 0.54 1.82 1.50 1.08 1.30 0.37 1.24
1.20 1.07 1.01 1.04 1.23 0.86 0.79 1.33 0.74 1.69 0.00 1.24 1.15 1.25 0.53 0.77 1.03 0.49 1.88 0.78
1.14 1.35 0.58 1.05 1.12 1.08 1.14 0.67 1.56 0.63 1.24 0.00 1.68 1.24 1.61 0.73 0.87 1.43 0.54 1.33
0.72 0.34 1.39 0.74 0.80 0.59 1.18 1.18 0.53 1.15 1.15 1.68 0.00 1.01 0.59 1.13 0.75 1.16 0.94 0.60
0.97 1.04 0.81 0.92 1.04 0.82 0.37 0.95 0.98 0.54 1.25 1.24 1.01 0.00 1.31 1.35 1.40 1.09 0.79 1.29
0.92 1.09 1.22 1.18 0.88 0.94 0.88 0.86 0.70 1.82 0.53 1.61 0.59 1.31 0.00 0.72 1.25 0.72 1.53 0.69
1.25 1.26 1.09 1.31 1.56 0.61 0.93 0.77 1.02 1.50 0.77 0.73 1.13 1.35 0.72 0.00 0.83 1.15 1.22 1.05
0.71 0.45 1.55 0.82 1.57 0.59 1.77 1.59 0.72 1.08 1.03 0.87 0.75 1.40 1.25 0.83 0.00 0.98 0.94 1.08
0.77 1.23 1.54 0.91 1.23 1.27 1.18 1.45 1.02 1.30 0.49 1.43 1.16 1.09 0.72 1.15 0.98 0.00 1.77 1.18
0.83 0.85 0.68 1.00 0.73 0.99 1.15 0.65 1.23 0.37 1.88 0.54 0.94 0.79 1.53 1.22 0.94 1.77 0.00 1.24
1.63 0.60 0.92 1.06 0.64 1.17 0.85 1.03 0.39 1.24 0.78 1.33 0.60 1.29 0.69 1.05 1.08 1.18 1.24 0.00
